4125102627823855
4125100997779293
4125198082753579
4125100077795185
4125177509497382
4125130657916539
4125164932678168
4125142458751114
4125199312496849
4125189002174038
4125154351873820
4125128697507730
4125192494942219
4125142842684526
4125110555857340
4125102892386901
4125180238557716
4125167752766153
4125165184698234
4125183056017235
4125115653962389
4125180778445785
4125186676647992
4125162207864794
4125168677107424
4125125889334485
4125100208677229
4125126262572840
4125188945883614
4125113036765124
4125180176722090
4125134586039892
4125113327518547
4125168554543642
4125181798054516
4125104720290263
4125181230763633
4125152102023521
4125110407836849
4125138466733904
4125132636455357
4125176028039857
4125141704273311
4125124050079151
4125122512408133
4125115447441716
4125130629752269
4125172640629449
4125189100440398
4125196120596265
4125154682917106
4125127251682582
4125104737693954
4125188601950632
4125162502615396
4125139407319548
4125169266489629
4125187197292912
4125175619024765
4125123083556011
4125116070489436
4125197055376046
4125161830372613
4125172568921067
4125198085627242
4125193766975697
4125107233676175
4125101526464910
4125183780572448
4125100777580325
4125101831776156
4125148067509827
4125131845844310
4125145515102734
4125177662705860
4125181810021394
4125194832191160
4125111264913135
4125165324192635
4125132187051811
4125190405197147
4125148115986852
4125179719209458
4125150322787149
4125178260259144
4125158542378946
4125108584629441
4125199105495016
4125125015217372
4125194640976471
4125152426867017
4125100429846736
4125121726176494
4125126794700828
4125136163426681
4125107262812774
4125104023267000
4125127791187266
4125114141599093
4125149754520481
4125127733618899
4125165657009851
4125194944026965
4125160340058936
4125131939938853
4125104210041440
4125145417795833
4125117226405896
4125136602914875
4125182009066406
4125110171349847
4125123169587880
4125154427533366
4125185273935032
4125143098120926
4125181329092720
4125174165622809
4125115077316329
4125122652155536
4125114224015447
4125156299502817
4125153403764458
4125182811920899
4125180258430307
4125193012025404
4125185358348465
4125197871219602
4125146841544755
4125112511397908
4125179288686995
4125167517217542
4125183983827490
4125111761225603
4125182817940776
4125172152081070
4125156639619404
4125109859451222
4125129278891097
4125131783184554
4125187215145563
4125109618925664
4125165762004680
4125160175703192
4125177450829047
4125112706562779
4125192067107638
4125186759428377
4125119968749747
4125160406589402
4125125617236465
4125147117964073
4125153819994012
4125129082292318
4125152035245118
4125116856143892
4125152907662325
4125125841942045
4125162540693355
4125103641795764
4125156165250509
4125135273780052
4125118953383116
4125141415361249
4125198362173407
4125168018795333
4125177754096582
4125169997880500
4125191310483606
4125118036848036
4125122803303142
4125107953451155
4125167033332072
4125146970464015
4125140419892530
4125148660445056
4125102869404604
4125165818640503
4125199873551800
4125180571892282
4125141100126774
4125107676870897
4125197576918748
4125179665621482
4125109816673207
4125148139644321
4125165147219896
4125188207967824
4125181517132379
4125176628959801
4125162452465495
4125125560693548
4125123039786126
4125106749619141
4125119025600347
4125163744389386
4125130682264376
4125131807368647
4125128378965371
4125194523652132
4125136449096183
4125145144449928
4125137180237390
4125109252164315
4125195464229293
4125123278068533
4125167318267324
4125109556679489
4125153898863633
4125197000807038
4125161826280929
4125139057383182
4125181476013081
4125152005678223
4125135580891352
4125147419876959
4125163872531924
4125106034295979
4125169085629397
4125106769501898
4125135609165754
4125162064470008
4125174457091515
4125175738046418
4125115955124100
4125181792114746
4125110075772235
4125116231264652
4125112587112314
4125121854067853
4125182001433042
4125114216041443
4125152603971079
4125134631887899
4125199698500545
4125186749208079
4125121174316865
4125131636240728
4125128418697208
4125182167386133
4125140419712522
4125131323119714
4125175530383712
4125188825998565
4125170364522063
4125143061605218
4125130432042817
4125102937877799
4125193605625347
4125198520915558
4125167052822979
4125149362118132
4125114706617785
4125186683326507
4125150135814940
4125153077023892
4125144373482502
4125196604302610
4125167138112601
4125177551992058
4125163679186096
4125130081625268
4125141644295127
4125143604304683
4125103762079337
4125155250699877
4125118710206600
4125167030676042
4125155090876115
4125104846889071
4125118478418546
4125164815245911
4125192248327915
4125109389548026
4125140768062073
4125111028095492
4125124551886237
4125134253461833
4125193120407247
4125102260623687
4125193280898789
4125191919336965
4125112494104818
4125175979040658
4125130015393512
4125169518995720
4125143073495061
4125117488697511
4125168480262010
4125144704053170
4125175503328579
4125196759907148
4125182806320147
4125127890043972
4125146897680099
4125145499759061
4125145028693930
4125145350214263
4125102675577015
4125129298729624
4125114000153263
4125146948204113
4125138287174841
4125159897600884
4125182662709235
4125120001924339
4125169181417044
4125183145224693
4125126040045390
4125116127269344
4125144887451555
4125194825451498
4125187916584292
4125136495602124
4125132595847131
4125142424432989
4125103518376698
4125165669978879
4125135048872382
4125170367045922
4125133173995854
4125128205233142
4125164234256879
4125112025970901
4125193596016001
4125101517278618
4125132061417583
4125121907465245
4125152576858113
4125182352926446
4125128628304538
4125111175567533
4125180367070903
4125159562713905
4125192375492359
4125162701938896
4125152856107041
4125115361144791
4125196413624584
4125169988845587
4125152814937141
4125184662244056
4125197864490608
4125150810826409
4125189058914816
4125124148341415
4125183105887778
4125149146958928
4125166927200668
4125154084082798
4125180178346302
4125151237311942
4125192730344949
4125137081986368
4125195865697759
4125116415240809
4125107022259084
4125182306222900
4125159075455382
4125178153855883
4125189952355611
4125154746275152
4125187600571761
4125107500598300
4125147071396452
4125110669521915
4125195152130282
4125187137172398
4125110678757716
4125197907896985
4125192481034988
4125199358206011
4125106354214162
4125181306596917
4125193680987869
4125127696827594
4125120735590448
4125120816934028
4125120041562453
4125190111489101
4125112808312396
4125194559804789
4125196295355000
4125141268376567
4125122932196235
4125187744858629
4125123494591599
4125153310940308
4125133883879224
4125130364945250
4125168573235980
4125124593346950
4125123809020649
4125120934531573
4125190050028191
4125113294012243
4125180093418665
4125126750453404
4125167938696753
4125163343493654
4125151385768604
4125156521594517
4125184457029225
4125164494294768
4125129027435485
4125125072175653
4125104751910821
4125144401455801
4125159594980068
4125162813481124
4125156426963239
4125188969724827
4125189004459197
4125197879399521
4125179218370595
4125181842408619
4125182988512008
4125193321596780
4125118335672145
4125145990696341
4125154308861506
4125176594927956
4125135323702205
4125168807894446
4125131356085485
4125107649969339
4125141798038372
4125105350995105
4125188776135548
4125115734560566
4125159560206159
4125159349845723
4125131800556610
4125199710819113
4125160476010156
4125119219466604
4125167972340763
4125193151344707
4125183479215275
4125143942729120
4125159971726753
4125120650607425
4125131637294419
4125128893838673
4125130151114227
4125159430132932
4125197528491448
4125164875211415
4125140479498889
4125155225465263
4125147588018417
4125157221480247
4125196676959875
4125173719523653
4125174721933807
4125194914100196
4125189038799998
4125161794190043
4125196374607131
4125127188278843
4125110199841247
4125106431895454
4125106227464440
4125149098882332
4125168341823927
4125170089512431
4125140908584259
4125178585746288
4125148746066322
4125136068649288
4125142764365302
4125123882074737
4125138636789885
4125121916493519
4125115399355138
4125123742349881
4125167969895498
4125152198628464
4125158171571936
4125137453302913
4125143182237081
4125160940014313
4125154978852470
4125180659985453
4125177125322659
4125191492694590
4125167633047567
4125168177213391
4125124531621506
4125115332247434
4125136506128291
4125195208832055
4125155402605277
4125199254327408
4125123758866968
4125196374326294
4125149806076763
4125196834186643
4125164263131431
4125159557918378
4125115760738516
4125183069621510
4125112732493577
4125152420239585
4125193855162272
4125176661152579
4125147665895141
4125102665488850
4125132372510043
4125149929603618
4125137748172477
4125112165958179
4125194944976862
4125196416255626
4125115698835301
4125105797339941
4125131364388681
4125171027137984
4125151579726590
4125197095807075
4125118209236043
4125180354775712
4125164037821101
4125115068040086
4125157442847836
4125173629729671
4125116831774092
4125190609645040
4125106203910382
4125121369524281
4125162120822259
4125106371464584
4125119023205164
4125107524723082
4125154295345927
4125195783993132
4125173914757890
4125100897387718
4125133568841291
4125181480056944
4125195487853350
4125152858859805
4125183384301293
4125183406370797
4125165669583190
4125173562928736
4125145458816662
4125195731543880
4125181578646747
4125111104616534
4125181137625992
4125110005158075
4125186670638906
4125167316469997
4125148688277796
4125125703345451
4125156769181001
4125104293492452
4125106942451649
4125114271595580
4125101895010013
4125117020138099
4125102865737064
4125106198292184
4125188270806107
4125184587111638
4125167766756182
4125101027704186
4125173486563429
4125124183438100
4125186770618766
4125160108208095
4125139051042370
4125108085585183
4125166921421765
4125135815213737
4125198387730181
4125118314364052
4125119451418644
4125178402816280
4125156668017520
4125146438794433
4125199317674945
4125122094823592
4125196184951232
4125164652481876
4125182706242771
4125161819925985
4125126388251972
4125131859296845
4125117771767146
4125133680655223
4125195347920613
4125188019496327
4125175351050093
4125151637772032
4125113469543683
4125137249919624
4125128724376232
4125187042638897
4125196216836641
4125151499141359
4125156647829854
4125125477277179
4125115095010169
4125102253856393
4125140669219723
4125125302468381
4125143749205886
4125157898768247
4125176725286314
4125176238739999
4125100591424502
4125181318008380
4125153402208010
4125173271659499
4125188504296877
4125164215569753
4125177246742504
4125111358345673
4125187288784819
4125186884501296
4125196680325337
4125109824760194
4125119987415262
4125182314054683
4125128114634125
4125101858407438
4125105570263490
4125116697313795
4125127027149171
4125121291759203
4125107873252642
4125175597061599
4125189976171887
4125186802056829
4125191503914193
4125162579069139
4125146236807460
4125120198657536
4125106423970794
4125121538114287
4125140756508798
4125180992181315
4125147353500755
4125103698444977
4125177631074471
4125102756020406
4125123962245249
4125182418292809
4125177921468441
4125175437781216
4125178231667193
4125149366204078
4125119590832382
4125198145105825
4125127624261619
4125192636223668
4125128982016389
4125166483922911
4125184708036466
4125112551719433
4125198570205066
4125191476837462
4125168742351270
4125173194219702
4125170529405485
4125183973664556
4125162184906899
4125147320917629
4125114258781658
4125193680021354
4125151011459701
4125125361362624
4125108097946258
4125197620126454
4125123546521925
4125100905349551
4125146768154638
4125183081456267
4125108326036061
4125169227323362
4125180661598005
4125170013862670
4125180970295350
4125159947428138
4125185787340653
4125102406612941
4125119416717650
4125164761963566
4125118098699368
4125118122688072
4125182576445033
4125157221568165
4125104164072698
4125142597965955
4125107894110746
4125146511985296
4125159531780076
4125119784814154
4125191383011615
4125199656982982
4125172000155191
4125185727373988
4125169380671763
4125117579658182
4125142817719182
4125172687904119
4125163497655181
4125195590362323
4125122124026273
4125149639524674
4125180506203654
4125187842738186
4125166879699479
4125175943253387
4125173559994956
4125116515228761
4125120716231251
4125153145772736
4125130532460455
4125160162480473
4125143918927062
4125130159198016
4125113031731279
4125123521852246
4125139537304535
4125105169089777
4125132027931263
4125109836123001
4125188241571129
4125170527949823
4125151104248334
4125101259704722
4125140560821981
4125148300020640
4125109700018675
4125170224690977
4125115997496177
4125128383028322
4125101282446457
4125120864556848
4125139618744948
4125186596112069
4125195825293889
4125178090269974
4125114747871755
4125198584976918
4125176479432122
4125106438513597
4125178608187569
4125108244508027
4125132065131388
4125193667568484
4125113944976003
4125170906620318
4125175028893420
4125173807447138
4125131465520984
4125126478253896
4125169199180592
4125134486908576
4125196073424309
4125158108683846
4125175490377134
4125176074923863
4125154290055174
4125117929430597
4125176964135735
4125129311280027
4125152981716336
4125119299731026
4125169753647010
4125133792311855
4125165833466553
4125121329989442
4125130701679646
4125152977136010
4125127587741094
4125115486572405
4125137994153379
4125177309181152
4125173288203471
4125101186924534
4125174768980299
4125117405291943
4125124151054129
4125123801890106
4125125361816629
4125135486034024
4125123152495265
4125114702530875
4125119258530377
4125108707431337
4125102886027040
4125124619536238
4125176176681351
4125181086537040
4125105001752178
4125128236431962
4125124686761115
4125197569853969
4125144691067027
4125141382198400
4125147347641723
4125164985207709
4125197046889339
4125173588239084
4125170801913917
4125153453485905
4125137715248995
4125124984567057
4125179043119688
4125145660294443
4125146092201824
4125108216657109
4125177805737457
4125146113649787
4125132296816633
4125122359571217
4125144530828068
4125161703693764
4125180092382722
4125169491627217
4125154431468245
4125187771703615
4125122673159947
4125128483943941
4125139633527799
4125137428667341
4125170721366188
4125154671323134
4125156922269008
4125124524923281
4125138602318529
4125137857257853
4125128994488949
4125175703572000
4125195746941624
4125158988905418
4125116400528812
4125163737292050
4125159372667192
4125186642860265
4125155207088893
4125192648500228
4125142699617009
4125131621658462
4125186644839663
4125165120575892
4125191242429560
4125144244735351
4125130681069479
4125157068388503
4125114925500192
4125195749807897
4125127780799691
4125138862863818
4125141407318199
4125122723141507
4125134768033838
4125113097676400
4125130516717011
4125173937190319
4125189328139004
4125193571603427
4125178880456690
4125101854133160
4125174848403700
4125198479275699
4125104690733524
4125174560295045
4125118029880376
4125184363681648
4125162263146938
4125154242236179
4125182337623902
4125108150657271
4125100605858398
4125179707207282
4125157480104611
4125117177449968
4125151516282665
4125157774042063
4125106935053501
4125166649562163
4125136565757659
4125194076091282
4125184697830820
4125177119076717
4125128200810365
4125137004417731
4125156885887606
4125193610446549
4125191777287490
4125167816455066
4125134076291169
4125113706824102
4125129265802818
4125136582703991
4125179926512249
4125104814652097
4125116856091604
4125194739530668
4125163084298775
4125122452201175
4125154572839931
4125131162498658
4125125649516074
4125105199482398
4125170257891435
4125147870725943
4125118487850770
4125144141121077
4125174373604078
4125140341042378
4125115768847277
4125157544972573
4125194961541557
4125121145235004
4125113752624612
4125168049506527
4125153943858224
4125178877687232
4125116408785596
4125116114880830
4125112627857902
4125104141875981
4125148836910488
4125144858867334
4125106056070219
4125130010379631
4125159223865607
4125136248805776
4125182746240538
4125193598534464
4125181699400255
4125101404059782
4125167893905769
4125164762221469
4125110296588824
4125190228779261
4125124112559612
4125172037093605
4125188595675963
4125139679811156
4125135335369019
4125113718333480
4125148863598040
4125100365271964
4125196456145711
4125174897756719
4125160259270688
4125167466979753
4125168614712302
4125127127446428
4125191016970898
4125112146048793
4125164786879920
4125142797370857
4125116603894706
4125107847398976
4125126737779418
4125196272961499
4125115631257522
4125182448303014
4125113714371450
4125142857923579
4125181376172375
4125193599629891
4125116593208479
4125175957141221
4125196808841892
4125140137214900
4125187631396055
4125114350953932
4125151471118359
4125183370097368
4125141454397823
4125181828261883
4125148692957953
4125167737178763
4125139886786076
4125137254862172
4125136407350804
4125117752804850
4125177794957892
4125160663531766
4125189074814818
4125124400589362
4125104585814645
4125161668958483
4125159482364375
4125118996323855
4125166591196994
4125178620340295
4125121098536432
4125139958762617
4125151758644713
4125108725928140
4125181150766483
4125112515699408
4125199528546734
4125179541204701
4125101008596445
4125101336200199
4125117295365534
4125116970490708
4125133165587081
4125126770440548
4125106629892826
4125133756548930
4125128695956079
4125128010848977
4125150958199783
4125115033374073
4125190676240394
4125168474030639
4125128202271434
4125161365382581
4125153160797360
4125159262964279
4125187473842075
4125126141270145
4125195052395787
4125164536878131
4125114993796656
4125100110458270
4125135208641312
4125167542067938
4125145762361298
4125132964406360
4125152156849391
4125132330471288
4125156074510449
4125155164958633
4125131327901711
4125194279115862
4125150104170100
4125188151857765
4125142636922934
4125104598034793
4125145936279665
4125179279423457
4125187371696961
4125192105876194
4125110449276459
4125168982253376
4125193236265448
4125128620043860
4125144287601502
4125173573110043
4125129749978630
4125137300651918
4125171754168343
4125196488053412
4125182866221581
4125158216545606
4125165681837129
4125122237441799
4125167735426636
4125121721463129
4125120646037703
4125193919680905
4125107213592277
4125117199836291
4125182041938828
4125113956950912
4125152470979544
4125181195863683
4125183049213982
4125184911696924
4125189616040898
4125199622895995
4125167016409723
4125190904775054
4125139841719717
4125109334736916
4125186209680338
4125186546842120
4125144585058140
4125151186190032
4125149793925907
4125123810683914
4125155274453756
4125123667265880
4125179106301199
4125157950441758
4125107918219440
4125141572820219
4125109866142608
4125128965762959
4125151593921326
4125108541260843
4125105239008153
4125120023746405
4125102841285865
4125108658595759
4125113224904303
4125125298324382
4125144611265289
4125196363613843
4125155944171275
4125127782768694
4125137378922944
4125127678263198
4125122174065387
4125126299787585
4125188477624006
4125170007285995
4125195101508489
4125155143361065
4125198668201498
4125134032700907
4125117302870278
4125193141420872
4125137330483134
4125155280435979
4125100158918474
4125169663601495
4125135902823562
4125126502928760
4125130870310635
4125117996530204
4125108151245555
4125140150372650
4125154823528374
4125102421070299
4125131098627370
4125106695233954
4125174360194372
4125183175679147
4125169248981677
4125118452649496
4125151465643453
4125146764138015
4125138909985863
4125124376401048
4125161707346617
4125146377135077
4125102514162037
4125123962397685
4125102514073382
4125189726633533
4125136143994972
4125195999593163
4125127322277370
4125135806603664
4125154291874862
4125155656783424
4125132178354208
4125117385928506
4125155367410986
4125176360464739
4125115202971386
4125129398289131
4125148919146570
4125155921363978
4125166135470574
4125128972518576
4125147113667506
4125106988108665
4125111019887832
4125195096827514
4125125718515072
4125127651570890
4125176068812122
4125171801864860
4125120673374722
4125127071451952
4125107628920964
4125157777729740
4125104352762530
4125191637009761
4125101702721182
4125108063390655
4125125034013166
4125118514237876
4125181228335089
4125190894850982
4125162996028585
4125104843061989
4125178736603909
4125133180925399
4125127566158443
4125184216844187
4125178349477345
4125148788447646
4125121589479100
4125162316319391
4125104693455349
4125151879004110
4125122744539747
4125155237289693
4125102946969363
4125118721788166
4125168206247436
4125170850967152
4125193792641107
4125168112347023
4125193499953235
4125143985831015
4125179210362376
4125138412044224
4125105412575044
4125198348489026
4125135431795794
4125175633601069
4125105611614867
4125149237888646
4125165298436174
4125119865110407
4125123187595303
4125187812090071
4125131788178254
4125183793224888
4125130392308737
4125122863718130
4125111265154150
4125165789459164
4125149721241492
4125190440756444
4125195803533207
4125140410625475
4125184675501849
4125171720507277
4125183021178195
4125129473394202
4125171796296391
4125119029979127
4125159547185609
4125198161881622
4125182474305909
4125107964485457
4125174205499770
4125117742765609
4125185076398461
4125168769974863
4125119135457885
4125166424039999
4125125456913695
4125122917616991
4125177646583854
4125162353658016
4125191587066456
4125179599882903
4125171834225923
4125163792141291
4125141510232261
4125144433104047
4125183006928689
4125153920709457
4125179563523525
4125130538579589
4125150451779412
4125171040706120
4125190170033675
4125144330825645
4125139546852599
4125127979568923
4125117072794344
4125153874304057
4125168660581379
4125124630558146
4125127091040595
4125108521279771
4125150672301103
4125142413081334
4125136713814683
4125103187149939
4125124619593296
4125145005891325
4125192779532768
4125120291227658
4125133283086842
4125182754258489
4125193712944540
4125122101994642
4125117460298411
4125126043090989
4125101215952639
4125141720504566
4125102194022527
4125149556033261
4125141805303967
4125139574934202
4125172602726019
4125139377121791
4125134721019775
4125135917210995
4125156218034470
4125111545036284
4125186586406513
4125184330146097
4125174104625921
4125128280812315
4125174445497659
4125183233644901
4125178439250321
4125121909730885
4125186120138440
4125101053621320
4125126370214624
4125118923909842
4125180427444015
4125164280279361
4125116983187994
4125144241582731
4125154949125543
4125105255489790
4125160720248271
4125179934170998
4125153786842657
4125131227641615
4125158616704076
4125123394276838
4125110482496352
4125112939288770
4125115030996662
4125194695231814
4125100476775119
4125150593384261
4125105056644320
4125161137066702
4125181773725205
4125194992851645
4125144158002202
4125108854031807
4125121279852699
4125143323261826
4125191912035572
4125173374416987
4125130664033740
4125176766877567
4125175488869092
4125128825955462
4125102044707723
4125120226893723
4125177985585411
4125154628748722
4125189466213108
4125176915395131
4125104108423130
4125143860367994
4125176903088045
4125173833810234
4125146420207741
4125115654125556
4125117761277544
4125173805361059
4125106128518179
4125109426360625
4125127744702369
4125106493696550
4125174538033387
4125102279969543
4125182977207495
4125166334203545
4125106670280236
4125195218911410
4125157238872337
4125123318071265
4125154750071638
4125180029799576
4125182465537536
4125138877522193
4125116304719236
4125170898788016
4125190646548587
4125154116328706
4125174807320960
4125101945348660
4125143193699683
4125178852596291
4125149699018971
4125113422098486
4125195089333561
4125113282873952
4125135777368321
4125116719332278
4125116193506405
4125197499384721
4125162524632411
4125116142906714
4125176631841533
4125165943641590
4125135547272399
4125109274762666
4125161383890755
4125175329442752
4125131354015245
4125163109473742
4125136287850006
4125145503262896
4125110621054831
4125180458048404
4125148760791961
4125100243737863
4125182446565481
4125196827175520
4125115578884866
4125153215424739
4125141427010222
4125133565372852
4125143650526650
4125120932063058
4125126551907798
4125163972610909
4125111189145649
4125114477014980
4125122217766413
4125124660141425
4125106839435606
4125184305580437
4125155020763433
4125137201724566
4125107675562362
4125180270610852
4125122240419220
4125102622912570
4125189901740632
4125120133970937
4125181263853897
4125127522823064
4125157868550054
4125175204343802
4125173949622523
4125126942976627
4125119156449209
4125126038810169
4125127235344739
4125167259436193
4125181208245894
4125126145119272
4125153596202936
4125177153277106
4125106896160444
4125104128790153
4125193099273752
4125164949925180
4125145908711869
4125114362523616
4125180232540171
4125169715661877
4125127379208849
4125160648510232
4125104457797274
4125169460824894
4125191058721811
4125181860771807
4125103056146859
4125110739289014
4125177755897863
4125187791075598
4125166827730889
4125168074663003
4125154470583185
4125132567805893
4125165629532790
4125139887224770
4125185315553280
4125163657961759
4125184789332016
4125167383464467
4125111699738883
4125177666289556
4125196021369440
4125192854402614
4125136520329891
4125113119456997
4125163777329952
4125191507721388
4125131683898535
4125115759291303
4125197674482050
4125121220537985
4125125623869556
4125106783516948
4125109563670414
4125165061953108
4125197294414772
4125107125258207
4125104635858808
4125171504702201
4125178706103948
4125173807818528
4125138019780683
4125112557037426
4125174335072497
4125149650058214
4125152398177981
4125122596099253
4125192137354731
4125198719562120
4125116190257911
4125159936278429
4125117382378226
4125145726736767
4125163633663446
4125186159486355
4125124455264325
4125174364246871
4125184874667672
4125181736413287
4125150942417580
4125123711999922
4125118703824237
4125198463907588
4125193547519236
4125155926119672
4125176396004574
4125108885562390
4125124080848757
4125190912853869
4125127326730986
4125118639066911
4125155531146359
4125180605174087
4125194552050844
4125142893082455
4125136971692581
4125196645431154
4125150455415336
4125155674838903
4125145409127524
4125136526147834
4125157867394819
4125107003369522
4125125430216405
4125162962625976
4125103073003240
4125165561867667
4125195346951445
4125114190974056
4125103027196272
4125184273359053
4125106471282191
4125167195914873
4125160022550499
4125110675223415
4125114938015634
4125118975172448
4125151925516190
4125197504366416
4125148003673406
4125192209372488
4125151821119172
4125149171341826
4125195893685529
4125173288355297
4125163143538740
4125142390709428
4125181516447125
4125178488302684
4125156426440691
4125125716205825
4125191431441194
4125185403009856
4125140634133611
4125192492247892
4125135202737439
4125117850767223
4125166845401794
4125190155503932
4125151859904248
4125197245111386
4125129868251603
4125122918726021
4125135533185555
4125167772026869
4125184013140896
4125101704107927
4125111824111295
4125155932895737
4125156663663534
4125147766983523
4125133329050455
4125145248487766
4125141011490632
4125181061173746
4125153637790352
4125181965061401
4125188441313488
4125168364905833
4125157014009658
4125187178838626
4125151532473751
4125127576198603
4125144489752913
4125167578054404
4125172750824343
4125120489868560
4125157364458687
4125110506624716
4125158352272114
4125127683716321
4125187850963999
4125192486445445
4125124234810075
4125121505366407
4125122308447279
4125164280792553
4125141309279895
4125129179955868
4125116186995789
4125153412671488
4125101205755158
4125112290456891
4125175917203780
4125183237801499
4125191014675390
4125178922897208
4125140844755948
4125118226927822
4125139364470227
4125173767062257
4125121548539465
4125141720585136
4125114785794992
4125179231529367
4125127802898554
4125124173387127
4125138413177171
4125126173973863
4125155147258705
4125119918322207
4125136312708773
4125191466324323
4125182313598227
4125156557912294
4125184540486796
4125195003642154
4125182089115321
4125116421035433
4125139361032293
4125181122255946
4125111923689373
4125137786193179
4125107116844429
4125163900223510
4125136908473014
4125186017312124
4125107727117421
4125178236328528
4125190501177779
4125134467284427
4125114091613555
4125111577281212
4125111039718827
4125155531557084
4125105836323336
4125185295586532
4125130309090923
4125112850188876
4125163265422582
4125103631988940
4125135670536362
4125177494743345
4125120875107649
4125101679169878
4125106779685152
4125140444059410
4125134449559581
4125149811752994
4125148224204874
4125121969733597
4125144722390075
4125106857450941
4125105020546445
4125170600369055
4125105254488751
4125104418529873
4125134368132832
4125180525265148
4125120740350572
4125132436007143
4125110462836312
4125103980620342
4125101870192497
4125122071561694
4125159841019702
4125111234912514
4125130923905555
4125133515058916
4125135888640154
4125162259726958
4125168714094858
4125118134741372
4125149513504578
4125194605224800
4125117805475914
4125196845131398
4125136463019186
4125177856228034
4125149030972795
4125174794373568
4125151028382441
4125127674848794
4125159717827931
4125148902262178
4125142971119567
4125100984276014
4125158186800361
4125143679489062
4125144778128452
4125162841659949
4125172058968255
4125179689921793
4125133482645786
4125197703262903
4125133189340798
4125194714386300
4125103378510824
4125118247521836
4125148745356799
4125131627138980
4125148005325013
4125111265321205
4125173556678305
4125145722910242
4125109071573639
4125119991039058
4125135410745224
4125150419196915
4125110184882628
4125149266858585
4125109504401549
4125153325215753
4125164449170964
4125175221263066
4125185099208184
4125177551962887
4125136131548186
4125143565363991
4125136619062940
4125144475698997
4125123634331054
4125155764102798
4125152069529288
4125141115990610
4125178448270526
4125164991933876
4125149522687919
4125199529859755
4125176512941113
4125165226890914
4125127799392710
4125163805282546
4125142782081196
4125179996114538
4125194881543923
4125170352583440
4125131514722706
4125190590730793
4125174103327743
4125188434466012
4125151872647725
4125108712837437
4125131979569097
4125183112271222
4125163720421237
4125112861763055
4125167292160412
4125107100837348
4125143671448819
4125154264964567
4125159268301088
4125171026565565
4125105767497794
4125180932524392
4125179972228856
4125178067820684
4125171243885796
4125150061999731
4125109852765800
4125163472044096
4125173724824575
4125101508249537
4125106200631577
4125122587838651
4125124152281077
4125103249748926
4125170986313826
4125197890246487
4125185202425113
4125123035768672
4125135891023919
4125158057233932
4125156684203070
4125145193803660
4125101187405624
4125189327399583
4125191923408289
4125179201471145
4125198647463979
4125145780335092
4125165926480420
4125182964419533
4125140759671510
4125183532040710
4125192544815753
4125172081519596
4125140377359480
4125161758448320
4125122457831877
4125194335045350
4125175063306213
4125167788105491
4125148326481438
4125126359921538
4125118158107724
4125138727471104
4125174454189833
4125161235509918
4125125047879629
4125150167281562
4125105980836414
4125163087362487
4125123476224599
4125171297875099
4125193553760641
4125176021415542
4125105598435104
4125167570410224
4125147500433488
4125114532652212
4125111051335211
4125128435995163
4125107347183035
4125145896374035
4125154977490710
4125174576914878
4125192880804890
4125168402223272
4125103846402893
4125139126074077
4125101316336310
4125117579699418
4125100597992445
4125149607664759
4125186952538535
4125195054357702
4125143770447670
4125152093210582
4125139481185856
4125181178382800
4125109824938402
4125134972632755
4125188061121666
4125110933627522
4125147515904366
4125143058132390
4125121539341152
4125110597996213
4125127909752076
4125109799854600
4125111401146193
4125141634964476
4125104063865242
4125133553144800
4125147383984912
4125172959780650
4125126793299004
4125123230372270
4125155845474554
4125116336536012
4125102876078748
4125107942859278
4125171590762473
4125168507021639
4125105914517023
4125169379535813
4125194042421662
4125127364673866
4125133319171048
4125192329462771
4125126621446355
4125195245779939
4125113265512429
4125117085766420
4125104118835133
4125198606452682
4125130365245023
4125112748250177
4125117869610943
4125165295355914
4125141772263327
4125180734167820
4125167105536618
4125161945461764
4125161871315638
4125115596888113
4125117802821813
4125137752514382
4125182494668633
4125148548000115
4125156770329821
4125176574026407
4125197671886378
4125172409669560
4125172855289236
4125122743513552
4125166071764741
4125129465544764
4125142507043745
4125153635954562
4125153647092666
4125129103974704
4125104529290076
4125179621561350
4125111687722030
4125140595312147
4125146539040942
4125142404768261
4125154706912166
4125144866160268
4125172548654416
4125168945444526
4125101267850418
4125151823803534
4125115794710952
4125113016623061
4125134913130430
4125168082371417
4125192723657109
4125163335631600
4125133582894086
4125107215959581
4125122274600778
4125138091810747
4125102682021957
4125146206069992
4125140414215836
4125162186639910
4125195131284226
4125151294220580
4125127633157840
4125137216977845
4125119646350678
4125136939126326
4125117455646533
4125145883163730
4125189012027747
4125190892832842
4125176965896913
4125148940056087
4125178257066643
4125196193349949
4125155821120726
4125166354840481
4125135607955412
4125166143226596
4125121359159379
4125109270628804
4125157394554018
4125106332325767
4125167481699279
4125179462667415
4125198643747078
4125193913706763
4125171422620725
4125117568585792
4125185550846043
4125178886394200
4125189575458909
4125144547039980
4125157769988247
4125149856216079
4125165484673291
4125141993965361
4125167650005605
4125155609341957
4125139966898080
4125177990263418
4125164286051376
4125118739617159
4125167693650300
4125169981998490
4125138955923131
4125121890793538
4125147954914041
4125133899739941
4125117307096853
4125113232787302
4125125633271827
4125144650719758
4125154221618769
4125168791894402
4125165618563343
4125162068581420
4125183742624188
4125137067269565
4125157834154379
4125188491276171
4125157017862061
4125104358242503
4125127754566886
4125181119394146
4125109293083847
4125173608744857
4125121474775372
4125143331007401
4125120313331553
4125186977499986
4125100718604184
4125116381367354
4125124053111134
4125152047559886
4125184308330517
4125191877175256
4125132405929236
4125116659661785
4125104195747557
4125166183893883
4125112796127392
4125195503539280
4125129294255095
4125109131843584
4125158509220651
4125183358529929
4125117162540839
4125108687071061
4125147808114368
4125161977954280
4125112034279245
4125114222911456
4125159929533160
4125149407786018
4125199362576599
4125104363167935
4125116077760383
4125101166694586
4125115540251947
4125140383104599
4125123132225105
4125128070308383
4125155281823140
4125185110120509
4125183170503888
4125118525135515
4125145828037460
4125137880538881
4125187182743275
4125179740015171
4125134021565444
4125150748518037
4125175461257117
4125183001650239
4125121921659047
4125164448473575
4125124958893331
4125148456891869
4125144244117048
4125141518257690
4125199675193835
4125146465454539
4125191827493387
4125167129434816
4125170752353600
4125131559205625
4125140566788119
4125178012098469
4125178726573138
4125150515976715
4125134775472912
4125100662343748
4125159207924271
4125101621290582
4125166206243926
4125199050161522
4125154281432135
4125171502166060
4125191324116986
4125125214336361
4125182653383149
4125132719963988
4125123537770044
4125185117977695
4125129356710540
4125162916992985
4125180195421336
4125145690699439
4125142506013772
4125143491201653
4125126859387313
4125133817512776
4125166275404144
4125104879869610
4125126682705004
4125138310439625
4125106856748006
4125129727937384
4125147016968076
4125186575529119
4125105824183783
4125183081283216
4125183583313180
4125112395412229
4125174702901971
4125114431614776
4125147269692530
4125140222233302
4125116128831043
4125100251346110
4125155623701418
4125158351632854
4125108849546489
4125176009721531
4125158632304059
4125102118248539
4125159264283249
4125192060083927
4125143957385727
4125102401458928
4125153798102280
4125180961915651
4125178355854460
4125105295511686
4125167494965253
4125145403165702
4125181810403303
4125127566659010
4125102833005370
4125188275374697
4125151604094980
4125194150378811
4125109908426340
4125162956720460
4125122119016628
4125112011376584
4125166011883296
4125115429010075
4125116169926330
4125171548544015
4125113828097421
4125164979771843
4125126631146086
4125142127638122
4125109023492300
4125145309181118
4125135319010480
4125197500512765
4125193430771175
4125102283664056
4125136095132498
4125132519023983
4125156109120537
4125142477324570
4125162004101283
4125186878063915
4125149323796703
4125187769261642
4125162806400081
4125153579408286
4125169543161488
4125160750587739
4125144415193802
4125172393351282
4125168926510196
4125184995773151
4125122430572564
4125143428784433
4125159149437077
4125183156198653
4125134804024445
4125176537939944
4125184406618052
4125168846929625
4125105797925129
4125131985828628
4125157796787802
4125192482484364
4125103478599701
4125181767393358
4125148552184847
4125130020465214
4125175808521829
4125114262094452
4125121401469453
4125198749076166
4125194498168718
4125159546698297
4125103654134612
4125179412985867
4125106888615470
4125162152375374
4125166357604140
4125119464903434
4125160069511503
4125122793061825
4125194180423041
4125111510376897
4125157864423736
4125175557684208
4125177769503937
4125187211563983
4125197955639642
4125150887637770
4125179246449635
4125181518260435
4125178786593067
4125163616021653
4125144856943418
4125136176210080
4125161271279582
4125184355427117
4125136453715652
4125198703898555
4125195955786306
4125101492163850
4125132069469487
4125194696651069
4125194545012513
4125124091160341
4125170474122580
4125121873057828
4125158719380931
4125128320121891
4125110734517534
4125150947564519
4125193785927497
4125143503035289
4125178125954061
4125141237541903
4125186023438723
4125185344818316
4125150666116681
4125174076431399
4125102101803548
4125142822885861
4125183765539297
4125119802698548
4125134056148652
4125125636533298
4125179194271932
4125175631427343
4125101791540949
4125133310385266
4125131272301073
4125116219132228
4125164044183891
4125196622138517
4125164467948754
4125108798560572
4125133744348112
4125188848201484
4125160072135142
4125197879072433
4125109819316168
4125175439563034
4125185377460721
4125150090822359
4125110227689527
4125141945236531
4125168300106611
4125133584140355
4125137909255798
4125118602049860
4125153348034207
4125195610342800
4125135177851249
4125124393259940
4125120328400450
4125193441428559
4125174580767528
4125170631720003
4125176783916950
4125137013690716
4125155755521592
4125110359464475
4125107391652620
4125182284032883
4125113626912888
4125107361020709
4125193400658709
4125176773633110
4125107242586795
4125163960310462
4125127092359036
4125106336521320
4125111992593407
4125100587999087
4125138567818448
4125124299991216
4125111797829824
4125156065969711
4125185509905296
4125133435659066
4125152719442569
4125173076453650
4125157444974364
4125101894613999
4125172113079759
4125124921657748
4125126431442016
4125133962419819
4125176532163748
4125161907129359
4125197033394566
4125159466530165
4125177212808867
4125160217282445
4125106671302187
4125173209171369
4125116366495618
4125188191065924
4125128798248499
4125185309025485
4125106068647384
4125191059250794
4125123838098616
4125151842685029
4125129885663145
4125179632824425
4125193659405547
4125173062286551
4125105459570338
4125176108632472
4125111769410124
4125191923281108
4125193217462600
4125126534131664
4125132268859975
4125178237563776
4125199501336632
4125138100700624
4125162343690905
4125123515489575
4125161482752500
4125126119698921
4125168909460443
4125160109169254
4125126302612747
4125193601649135
4125172303084353
4125130169790646
4125141281643506
4125124598612893
4125180318331222
4125120061753867
4125120080130519
4125118794025173
4125125262543462
4125162880271770
4125110759418535
4125166012290681
4125109171256036
4125160946778218
4125127166107154
4125142007493895
4125119881563449
4125129619777096
4125145388947439
4125174274598577
4125176246399786
4125121086559719
4125194624947555
4125102938512213
4125121982923837
4125184433023524
4125123044765701
4125115569302100
4125103893694814
4125119926122888
4125118379200241
4125103067511398
4125129327118674
4125194631530824
4125187359453617
4125193209303424
4125134613194991
4125157466721388
4125125424768858
4125134342950242
4125115965116336
4125199981723259
4125171371879843
4125136576700276
4125166594740707
4125130205652925
4125142743554760
4125196240787224
4125125178516909
4125125074446342
4125136741801348
4125176562003509
4125116185326150
4125191940911851
4125161942162084
4125134604422112
4125198872651793
4125107741271816
4125105315752609
4125186767264939
4125143375902483
4125172769076752
4125152648131952
4125149950060092
4125128023614952
4125130274359493
4125167891344722
4125100135501328
4125192301042492
4125140196502138
4125134139553449
4125175751280175
4125186514084390
4125123212123923
4125157677435232
4125157029044583
4125157879091866
4125190584360862
4125150081604642
4125104426733657
4125112634606854
4125162547844399
4125134990884727
4125193878295620
4125111543577248
4125181179481577
4125187955741332
4125141239827953
4125165298844948
4125119947081766
4125125859138031
4125148572927506
4125198522532864
4125121085590632
4125108345522414
4125138629600073
4125199874793021
4125189058338263
4125198514473937
4125177901709954
4125111392107113
4125159435792276
4125182645486257
4125165491746262
4125159176763064
4125109168958115
4125168244955735
4125178696132071
4125158852223104
4125129422357615
4125191927880863
4125109103435542
4125141359630260
4125176171561665
4125138443466453
4125152654215095
4125182957819459
4125197590295412
4125109766178108
4125170464625238
4125177461728527
4125174602344017
4125187329272402
4125145969558019
4125185504280463
4125176173470675
4125160073936183
4125148327736087
4125193901998729
4125150691013655
4125120861034229
4125188179535393
4125112118767404
4125168478967422
4125177250040548
4125110921338322
4125123452944509
4125132184619560
4125100105926349
4125164856926015
4125144823684400
4125136619957073
4125150608311523
4125198391293929
4125153133597954
4125195946719838
4125185972121702
4125113419023588
4125122136380189
4125125322180941
4125130859839331
4125179324908619
4125191949267974
4125182045784475
4125100936001239
4125133401250312
4125173901562212
4125172704120723
4125145595885828
4125134031245920
4125102757826942
4125187973114066
4125147333513399
4125161451669453
4125113047048569
4125158050551447
4125136609433960
4125106766726811
4125115447571678
4125105272168641
4125114111420510
4125165513400286
4125129949491483
4125109375734515
4125147603054207
4125119420989097
4125124601935364
4125121083319927
4125158584864811
4125141091722763
4125151839739557
4125121317781256
4125150567896795
4125114479050131
4125176871672622
4125174545730611
4125157176809044
4125189758699865
4125134882413221
4125128639561324
4125145207635843
4125199670263187
4125134219756375
4125106676909333
4125100208646745
4125127347182035
4125149569498816
4125132983083497
4125153078920500
4125181304317324
4125192305261684
4125168082720191
4125133028011022
4125178950380739
4125177897050454
4125163368242945
4125152893794926
4125130160269806
4125132286240257
4125190565999381
4125144348644608
4125167785237180
4125141938215302
4125128222174212
4125142797230200
4125141642934594
4125121647614052
4125133377382016
4125155376429555
4125199380333049
4125192275737481
4125157285860961
4125187924050963
4125187544015214
4125162820713238
4125160425839069
4125115406901460
4125178866951615
4125133031281166
4125108233924813
4125191251076013
4125109432209824
4125184531598542
4125107810172275
4125139056828385
4125156654998998
4125126387770154
4125115597404134
4125181130497860
4125105704609469
4125177925974675
4125162780818795
4125182913950075
4125168294074221
4125110240898899
4125107313042983
4125168353213553
4125149122166959
4125157532175973
4125148882070203
4125126116363149
4125195647022656
4125188921209107
4125145516281396
4125154091614922
4125119811461441
4125162884996570
4125162471445346
4125176554347716
4125149134451852
4125197742238013
4125141595972856
4125100989940804
4125105375713426
4125116016257095
4125107458820102
4125155790349447
4125121319409443
4125131891926409
4125170508775668
4125121922520438
4125172282056166
4125113847822890
4125162488098427
4125124547384768
4125137783255278
4125183672834948
4125111362944875
4125158498713781
4125134925587981
4125176539199828
4125132918225288
4125135051898464
4125189526757359
4125161398779423
4125192450818163
4125125703208931
4125110959435123
4125177495904052
4125172230030677
4125185063857982
4125190378638069
4125133752593591
4125112119924863
4125191133291806
4125162985528058
4125141448059646
4125194498060873
4125185380473422
4125100420049579
4125133680651644
4125122317199622
4125190048242516
4125114300506046
4125190561244949
4125129579216523
4125137555483140
4125144759473562
4125155034671275
4125198572859001
4125142537496012
4125170059766645
4125144658418510
4125175504939705
4125138514557594
4125110343417852
4125142589399643
4125148703999762
4125129814668074
4125115449910627
4125115286187669
4125182238531006
4125166412549157
4125108001503286
4125124817569783
4125170173544936
4125179372209506
4125100521583971
4125140541868598
4125183619214311
4125113582142702
4125192215223568
4125133233027904
4125127742438057
4125172766575905
4125194605243578
4125134505335280
4125177651176495
4125100999137037
4125105544174229
4125121503959872
4125119132954538
4125134122864399
4125176364065334
4125175466950237
4125124549893170
4125185192725506
4125192810404712
4125152334825859
4125129503449653
4125196752831659
4125104040892384
4125135288052174
4125140654027487
4125137756704575
4125139048616351
4125177862948757
4125173540433825
4125112740361154
4125175497716003
4125123881710661
4125103689469751
4125157790623417
4125107699288986
4125100344612601
4125175706553288
4125139162584385
4125115295424269
4125142201163666
4125148605959856
4125164162771816
4125138758001200
4125105936018356
4125196151895149
4125112968902234
4125141353419694
4125159131891588
4125157154784151
4125149741304395
4125150492212787
4125176237577507
4125126711629787
4125138991385006
4125140072446202
4125180000223554
4125153150103645
4125162310427950
4125104205586433
4125109909905698
4125164150634000
4125103769684212
4125167578158924
4125146473416041
4125192314594380
4125156073036826
4125174295034271
4125172203150916
4125120761380151
4125116195654476
4125110257118462
4125115829904620
4125107062600130
4125124741925648
4125100895454395
4125133942907826
4125198606518367
4125108800533765
4125105643557001
4125128282216820
4125182549900916
4125123357103078
4125198972262368
4125114269780061
4125166409139970
4125148036152303
4125137745821829
4125173397028710
4125124075971960
4125199805221100
4125174761367676
4125121240206124
4125116144407976
4125160279729168
4125168176335559
4125158978126686
4125176231607813
4125117448880884
4125118493012506
4125123903548123
4125107313407178
4125121553927316
4125105128808994
4125152255866817
4125181139532675
4125195667247795
4125162666406087
4125144702815802
4125150155135556
4125198519411387
4125119575422670
4125108201365635
4125154868740579
4125110619426561
4125180730606177
4125110605800290
4125103040628145
4125185570459983
4125158305427021
4125171155966790
4125113091143423
4125105348019547
4125124306849357
4125199120891140
4125178303008789
4125186854222188
4125190411936744
4125123450243326
4125140374945539
4125147997412888
4125160443647940
4125163137324529
4125148580536455
4125193015104420
4125184500799535
4125163834543439
4125191663602075
4125100571688266
4125131207258109
4125197426308751
4125146565363952
4125121429120336
4125123339396659
4125183726416502
4125192126708939
4125112742067502
4125139019332277
4125159175192448
4125148477368012
4125159069100366
4125112073393816
4125119355919572
4125105989596027
4125105084230837
4125162805796794
4125109151752525
4125165078600627
4125158724609266
4125191259400405
4125120674991904
4125198799041755
4125110965342230
4125195837415389
4125171752460023
4125118907905493
4125122315928204
4125184286668052
4125107439719852
4125171240078734
4125102878704630
4125186204461205
4125194419172567
4125185014240122
4125185497901737
4125193216676838
4125113114056511
4125195855546230
4125150027428536
4125150817216299
4125141540120957
4125118490064344
4125135935681540
4125168734944264
4125106030772781
4125169661115324
4125196912565254
4125143844135772
4125174706852527
4125148649212882
4125176974993040
4125168360932393
4125115188274490
4125144939989891
4125122854261173
4125126203946855
4125117221271913
4125162415620434
4125129727285313
4125172618840572
4125105043110682
4125153613053015
4125127992211675
4125181989210778
4125183430669529
4125119405772443
4125194569410478
4125140627201466
4125172805479077
4125136387046786
4125138877011510
4125175252267523
4125138078331790
4125131630454648
4125125730867550
4125122337741056
4125105876493031
4125167956876816
4125147895175546
4125116617308172
4125186095348966
4125159652504289
4125101901866986
4125164802426227
4125146808738978
4125110641734610
4125108014204138
4125146623678060
4125105395144628
4125139499926762
4125197342334261
4125163188417404
4125188997763664
4125176350844320
4125187593562520
4125194358252958
4125178972650895
4125100561999731
4125107082015749
4125161797262872
4125189543688033
4125118455666182
4125167429311607
4125128722819720
4125122580377228
4125188247861839
4125135152235715
4125118284923838
4125123900839970
4125134591090724
4125180031788856
4125103853077505
4125144960051017
4125114672725588
4125172542132997
4125129651121518
4125171917877236
4125123812986042
4125133494642268
4125102354556561
4125121041397403
4125112263504149
4125198409150871
4125139733995136
4125132029880955
4125191700971350
4125198469596849
4125192978387386
4125140062784190
4125102785319217
4125136715377713
4125193162575034
4125157398491936
4125187323637394
4125186904816674
4125135611303799
4125108775278198
4125190288459317
4125142639000829
4125192188630757
4125142223904709
4125107611230900
4125159489861423
4125189890715140
4125176368155339
4125189365476558
4125101085827689
4125108437054482
4125140849465451
4125115829083706
4125165087688076
4125175883885636
4125115856218324
4125111079650617
4125164172618353
4125172439319202
4125165136915009
4125121029561822
4125150205415909
4125111449394482
4125116371544533
4125154920346662
4125146903691940
4125118337622767
4125195508076320
4125161291135756
4125118687122897
4125132698908012
4125131260214361
4125159945671234
4125195643662430
4125118573388792
4125141629905450
4125122352002673
4125110665828868
4125148036543451
4125127978139528
4125181494611700
4125185795639864
4125131326369498
4125154686410348
4125116318139397
4125146249297584
4125145131293966
4125131732438382
4125163114757352
4125142710438617
4125169423256671
4125141976507925
4125131654755730
4125101372940203
4125121085420103
4125106070578841
4125158275792206
4125157291358943
4125148079787072
4125180412643084
4125187616098338
4125121763135254
